Wheelbase: 2.5
InitialPose: 1.0,0.2,-1,0
Dt: 0.100
3.000, 0.000
3.000, 0.000
3.000, 0.000
3.000, 0.000
3.000, 0.000
3.000, 0.000
3.000, 0.000
3.000, 0.000
3.000, 0.000
3.000, 0.000
3.000, 0.000
3.000, 0.000
3.000, 0.000
3.000, 0.000
3.000, 0.000
3.000, 0.000
3.000, 0.000
3.000, 0.000
3.000, 0.000
3.000, 0.000
3.000, 0.000
3.000, 0.000
3.000, 0.000
3.000, 0.000
3.000, 0.000
3.000, 0.000
3.000, 0.000
3.000, 0.000
3.000, 0.000
3.000, 0.000
3.000, 0.000
3.000, 0.000
3.000, 0.000
3.000, 0.000
3.000, 0.000
3.000, 0.000
3.000, 0.000
3.000, 0.000
3.000, 0.000
3.000, 0.000
3.000, 0.000
3.000, 0.000
3.000, 0.000
3.000, 0.000
3.000, 0.000
3.000, 0.000
3.000, 0.000
3.000, 0.000
3.000, 0.000
3.000, 0.000
3.000, 0.000
3.000, 0.000
3.000, 0.000
3.000, 0.000
3.000, 0.000
3.000, 0.000
3.000, 0.000
3.000, 0.000
3.000, 0.000
3.000, 0.000
3.000, 0.000
3.000, 0.000
3.000, 0.000
3.000, 0.000
3.000, 0.000
3.000, 0.000
3.000, 0.000
3.000, 0.000
3.000, 0.000
3.000, 0.000
3.000, 0.000
3.000, 0.000
3.000, 0.000
3.000, 0.000
3.000, 0.000
3.000, 0.000
3.000, 0.000
3.000, 0.000
3.000, 0.000
3.000, 0.000
3.000, 0.000
3.000, 0.000
3.000, 0.000
3.000, 0.000
3.000, 0.000
3.000, 0.000
3.000, 0.000
3.000, 0.000
3.000, 0.000
3.000, 0.000
3.000, 0.000
3.000, 0.000
3.000, 0.000
3.000, 0.000
3.000, 0.000
3.000, 0.000
3.000, 0.000
3.000, 0.000
3.000, 0.000
3.000, 0.000

